0.03
0.37
0.00
0.28
0.25
0.72
0.52
0.40
0.72
0.50
0.01
0.97
0.81
0.33
0.73
0.42
0.59
0.41
0.69
0.70
0.67
0.38
0.73
0.81
0.88
0.31
0.57
0.85
0.82
0.33
0.75
0.81
0.20
0.81
0.37
0.62
0.00
0.24
0.98
0.43
0.74
0.69
0.93
0.21
0.40
0.93
0.08
0.31
0.89
0.89
0.47
0.78
0.91
0.62
0.77
0.91
0.05
0.56
0.50
0.69
0.26
0.39
0.76
0.53
0.74
0.48
0.03
0.87
0.83
0.42
0.88
0.19
0.08
0.07
0.83
0.16
0.79
0.97
0.35
0.40
0.42
0.99
0.02
0.11
0.11
0.56
0.39
0.18
0.79
0.97
0.11
0.45
0.41
0.76
0.69
0.10
0.12
0.31
0.27
0.32
